                   clothType  UpperType  UpperLength  UpperModel  UpperCollar  UpperSleeveLength  UpperShouders  UpperCuff  UpperOpening  UpperMaterial  UpperPattern  TrousersType  TrousersWaist  TrousersLength  TrousersModel  TrousersMaterial  TrousersPattern  SkirtType  SkirtWaist  SkirtLength  SkirtFold  SkirtMaterial  SkirtPattern
clothType           1.000000  -0.197894    -0.476186   -0.463929    -0.381561          -0.440129      -0.224856  -0.296101     -0.430050      -0.439702     -0.279092      0.410359       0.454537        0.427447       0.458184          0.457444         0.422829   0.630082    0.634313     0.601009   0.624711       0.626296      0.592693
UpperType          -0.197894   1.000000     0.714727    0.652711     0.702629           0.554238       0.678514   0.573663      0.510548       0.683900      0.638220     -0.505419      -0.651939       -0.620999      -0.602026         -0.646392        -0.548153   0.150727    0.115673     0.142896   0.120494       0.136838      0.132580
UpperLength        -0.476186   0.714727     1.000000    0.917110     0.838312           0.834421       0.687422   0.682992      0.776461       0.867597      0.710089     -0.671027      -0.840748       -0.796092      -0.785291         -0.837357        -0.724968  -0.001749   -0.016303    -0.001914  -0.018136      -0.026435     -0.010406
UpperModel         -0.463929   0.652711     0.917110    1.000000     0.791494           0.789756       0.654912   0.669110      0.735742       0.833526      0.701858     -0.645253      -0.804260       -0.761623      -0.747605         -0.799578        -0.686949  -0.028461   -0.042209    -0.013680  -0.040760      -0.030812     -0.020703
UpperCollar        -0.381561   0.702629     0.838312    0.791494     1.000000           0.747596       0.759875   0.717806      0.713849       0.823795      0.651858     -0.608217      -0.767867       -0.730804      -0.714531         -0.762171        -0.652465   0.020578    0.008513     0.039931   0.012760       0.033514      0.029785
UpperSleeveLength  -0.440129   0.554238     0.834421    0.789756     0.747596           1.000000       0.510043   0.445698      0.762537       0.740523      0.602665     -0.575867      -0.725077       -0.685164      -0.676380         -0.722143        -0.615618  -0.051404   -0.062784    -0.046373  -0.061280      -0.048690     -0.038413
UpperShouders      -0.224856   0.678514     0.687422    0.654912     0.759875           0.510043       1.000000   0.786197      0.555582       0.720199      0.602459     -0.510821      -0.653287       -0.626279      -0.599647         -0.645833        -0.538395   0.079128    0.078511     0.118804   0.085344       0.114306      0.100466
UpperCuff          -0.296101   0.573663     0.682992    0.669110     0.717806           0.445698       0.786197   1.000000      0.511396       0.730620      0.595304     -0.515333      -0.652276       -0.625239      -0.600324         -0.645482        -0.543986   0.022757    0.019229     0.055069   0.028794       0.044547      0.041787
UpperOpening       -0.430050   0.510548     0.776461    0.735742     0.713849           0.762537       0.555582   0.511396      1.000000       0.719756      0.530064     -0.537869      -0.679203       -0.645134      -0.635236         -0.676092        -0.573166  -0.057515   -0.070223    -0.049573  -0.069176      -0.050919     -0.046230
UpperMaterial      -0.439702   0.683900     0.867597    0.833526     0.823795           0.740523       0.720199   0.730620      0.719756       1.000000      0.712998     -0.633462      -0.793484       -0.754220      -0.738958         -0.787868        -0.677240  -0.018804   -0.029487    -0.012692  -0.024491       0.018924      0.001695
UpperPattern       -0.279092   0.638220     0.710089    0.701858     0.651858           0.602665       0.602459   0.595304      0.530064       0.712998      1.000000     -0.522440      -0.666733       -0.634952      -0.619053         -0.660708        -0.551243   0.084575    0.061474     0.052094   0.065040       0.089396      0.160406
TrousersType        0.410359  -0.505419    -0.671027   -0.645253    -0.608217          -0.575867      -0.510821  -0.515333     -0.537869      -0.633462     -0.522440      1.000000       0.782616        0.681835       0.734197          0.767606         0.724620  -0.163139   -0.164705    -0.155748  -0.161668      -0.162959     -0.152119
TrousersWaist       0.454537  -0.651939    -0.840748   -0.804260    -0.767867          -0.725077      -0.653287  -0.652276     -0.679203      -0.793484     -0.666733      0.782616       1.000000        0.924306       0.920055          0.973241         0.839741  -0.205933   -0.208472    -0.194036  -0.205505      -0.202918     -0.189894
TrousersLength      0.427447  -0.620999    -0.796092   -0.761623    -0.730804          -0.685164      -0.626279  -0.625239     -0.645134      -0.754220     -0.634952      0.681835       0.924306        1.000000       0.875545          0.921985         0.784955  -0.195961   -0.198377    -0.184640  -0.195553      -0.193092     -0.180699
TrousersModel       0.458184  -0.602026    -0.785291   -0.747605    -0.714531          -0.676380      -0.599647  -0.600324     -0.635236      -0.738958     -0.619053      0.734197       0.920055        0.875545       1.000000          0.914796         0.802837  -0.195610   -0.198021    -0.184309  -0.195202      -0.192745     -0.180374
TrousersMaterial    0.457444  -0.646392    -0.837357   -0.799578    -0.762171          -0.722143      -0.645833  -0.645482     -0.676092      -0.787868     -0.660708      0.767606       0.973241        0.921985       0.914796          1.000000         0.847293  -0.204660   -0.207184    -0.192837  -0.204234      -0.201663     -0.188720
TrousersPattern     0.422829  -0.548153    -0.724968   -0.686949    -0.652465          -0.615618      -0.538395  -0.543986     -0.573166      -0.677240     -0.551243      0.724620       0.839741        0.784955       0.802837          0.847293         1.000000  -0.179424   -0.181636    -0.169058  -0.179050      -0.176796     -0.165449
SkirtType           0.630082   0.150727    -0.001749   -0.028461     0.020578          -0.051404       0.079128   0.022757     -0.057515      -0.018804      0.084575     -0.163139      -0.205933       -0.195961      -0.195610         -0.204660        -0.179424   1.000000    0.906771     0.833448   0.878552       0.847074      0.828028
SkirtWaist          0.634313   0.115673    -0.016303   -0.042209     0.008513          -0.062784       0.078511   0.019229     -0.070223      -0.029487      0.061474     -0.164705      -0.208472       -0.198377      -0.198021         -0.207184        -0.181636   0.906771    1.000000     0.840013   0.929230       0.873145      0.828670
SkirtLength         0.601009   0.142896    -0.001914   -0.013680     0.039931          -0.046373       0.118804   0.055069     -0.049573      -0.012692      0.052094     -0.155748      -0.194036       -0.184640      -0.184309         -0.192837        -0.169058   0.833448    0.840013     1.000000   0.829167       0.808499      0.739874
SkirtFold           0.624711   0.120494    -0.018136   -0.040760     0.012760          -0.061280       0.085344   0.028794     -0.069176      -0.024491      0.065040     -0.161668      -0.205505       -0.195553      -0.195202         -0.204234        -0.179050   0.878552    0.929230     0.829167   1.000000       0.864571      0.824667
SkirtMaterial       0.626296   0.136838    -0.026435   -0.030812     0.033514          -0.048690       0.114306   0.044547     -0.050919       0.018924      0.089396     -0.162959      -0.202918       -0.193092      -0.192745         -0.201663        -0.176796   0.847074    0.873145     0.808499   0.864571       1.000000      0.835298
SkirtPattern        0.592693   0.132580    -0.010406   -0.020703     0.029785          -0.038413       0.100466   0.041787     -0.046230       0.001695      0.160406     -0.152119      -0.189894       -0.180699      -0.180374         -0.188720        -0.165449   0.828028    0.828670     0.739874   0.824667       0.835298      1.000000
